Factories	3
Machines	5
Families	25
SetupType	1

Number of Jobs in each Family
4	2	8	8	9	6	10	5	10	10	2	3	2	1	9	3	2	9	9	4	3	1	7	10	1	

Jobs in each Family
0	1	2	3	
4	5	
6	7	8	9	10	11	12	13	
14	15	16	17	18	19	20	21	
22	23	24	25	26	27	28	29	30	
31	32	33	34	35	36	
37	38	39	40	41	42	43	44	45	46	
47	48	49	50	51	
52	53	54	55	56	57	58	59	60	61	
62	63	64	65	66	67	68	69	70	71	
72	73	
74	75	76	
77	78	
79	
80	81	82	83	84	85	86	87	88	
89	90	91	
92	93	
94	95	96	97	98	99	100	101	102	
103	104	105	106	107	108	109	110	111	
112	113	114	115	
116	117	118	
119	
120	121	122	123	124	125	126	
127	128	129	130	131	132	133	134	135	136	
137	

Total number of jobs
138

Processing times of jobs
8	2	2	4	4	
6	3	7	4	10	
6	10	3	3	2	
5	2	6	7	7	
8	10	6	1	7	
9	4	3	10	4	
2	6	3	3	9	
2	5	7	6	1	
7	3	10	9	9	
5	8	3	2	9	
9	3	3	2	8	
7	3	1	2	9	
6	5	1	3	10	
5	7	10	5	4	
9	3	5	1	9	
4	5	2	3	10	
10	5	4	2	8	
8	5	5	4	4	
7	7	7	1	10	
4	7	10	2	3	
3	7	8	7	7	
7	9	7	5	2	
1	6	10	1	5	
1	1	4	1	6	
10	10	5	7	4	
4	8	8	4	2	
8	2	4	9	1	
6	8	5	4	7	
9	4	1	1	2	
8	8	6	1	5	
1	5	2	4	8	
2	4	9	5	3	
5	3	8	2	10	
4	5	9	2	4	
5	6	8	6	3	
7	8	5	9	5	
3	8	4	10	10	
10	1	10	10	4	
3	3	6	7	9	
2	6	8	9	1	
2	10	8	4	5	
3	3	1	6	9	
4	5	1	7	10	
2	9	5	7	4	
4	8	1	3	5	
5	9	4	7	7	
3	1	8	8	9	
1	4	8	10	10	
10	8	6	9	2	
4	1	6	2	7	
4	8	8	5	1	
6	6	6	10	4	
4	3	5	7	9	
4	1	4	8	8	
4	10	5	5	4	
10	9	1	9	5	
3	9	5	2	9	
3	7	3	5	6	
1	8	9	10	2	
8	6	6	9	9	
4	6	2	6	2	
7	2	5	4	6	
6	2	1	9	5	
9	2	1	6	1	
7	8	10	1	6	
6	6	2	7	4	
10	1	10	4	8	
8	8	10	10	10	
6	8	3	6	1	
2	9	2	4	3	
6	4	3	10	1	
2	6	9	7	8	
1	10	7	8	5	
1	8	2	3	5	
4	1	4	2	3	
8	9	2	7	7	
2	6	7	6	8	
6	1	8	6	10	
5	4	8	9	1	
1	4	8	1	7	
2	2	9	5	6	
4	10	5	9	4	
8	2	6	8	10	
5	4	8	2	8	
2	9	7	7	5	
1	5	7	5	7	
3	10	3	5	6	
4	3	3	4	8	
1	8	8	8	6	
4	10	8	7	4	
6	4	3	1	10	
8	7	5	6	3	
10	7	2	3	1	
5	2	5	9	3	
3	3	3	3	5	
9	3	10	3	1	
2	10	6	10	2	
9	10	4	5	6	
3	6	2	10	7	
1	3	8	4	3	
7	10	8	7	3	
1	2	2	4	4	
9	2	6	6	10	
5	7	1	1	8	
9	8	10	2	10	
4	3	6	3	3	
3	7	8	2	3	
5	3	10	5	2	
5	3	4	7	8	
1	3	3	9	1	
3	4	9	7	7	
10	9	1	10	2	
8	8	8	2	10	
3	4	10	7	8	
2	2	7	8	10	
7	6	9	9	3	
9	4	1	9	8	
8	2	2	5	2	
10	10	6	2	6	
2	2	1	3	5	
5	9	8	7	4	
1	6	6	4	9	
4	4	3	5	3	
8	5	2	4	3	
1	7	7	9	8	
9	8	10	6	1	
6	6	3	2	9	
6	5	3	3	7	
10	2	1	1	10	
10	7	6	5	9	
1	1	6	1	1	
8	3	1	4	10	
7	9	10	10	5	
3	5	2	3	2	
1	2	6	10	8	
7	1	2	10	6	
2	2	9	9	8	
1	9	6	3	2	

Stepup times between Families, where [f][f] represents initial setup time
On machine	1
16	2	2	16	10	11	19	5	11	5	16	3	2	10	20	5	15	13	18	7	19	3	11	13	11	
6	4	11	20	11	13	10	2	9	1	7	1	6	12	18	3	14	7	14	11	10	4	4	13	18	
13	1	8	14	17	8	16	1	16	15	12	7	14	4	3	18	19	10	9	7	5	17	4	18	3	
4	8	13	4	18	16	4	19	4	1	14	14	13	4	11	9	17	15	15	12	9	12	18	19	3	
2	9	13	14	12	4	3	6	19	4	2	9	10	14	3	16	8	12	2	8	13	16	10	15	17	
3	15	11	9	20	13	9	15	1	12	9	9	17	3	10	9	10	9	16	12	13	18	17	18	16	
18	9	4	7	15	7	17	18	16	1	6	18	10	7	18	6	2	19	12	4	19	13	6	16	10	
3	1	20	15	4	14	13	1	12	1	13	20	11	16	13	11	3	7	20	17	7	17	1	16	2	
17	18	8	19	17	2	16	6	11	16	10	19	15	12	4	17	4	13	10	14	18	19	2	13	3	
19	18	8	9	10	1	11	20	14	13	5	4	15	15	13	12	12	11	19	8	8	5	20	1	8	
5	4	7	17	3	19	15	11	18	14	2	16	1	18	8	5	6	1	9	20	3	8	10	13	11	
5	19	18	10	6	19	13	19	9	7	7	9	9	20	7	3	9	7	19	13	20	6	3	20	8	
5	20	17	11	7	3	13	11	6	1	3	13	15	13	14	13	9	16	8	15	19	12	16	17	10	
16	4	19	6	15	10	7	8	16	16	19	15	13	5	3	17	6	18	11	5	7	1	16	7	16	
17	6	15	5	10	14	13	19	18	13	20	6	20	13	10	7	1	14	20	11	8	11	2	13	1	
10	9	16	1	2	7	20	11	20	15	19	19	12	1	15	8	4	20	3	19	17	6	14	18	13	
4	3	13	1	8	5	12	20	3	16	16	11	6	16	19	18	10	10	18	7	18	17	1	10	14	
11	10	1	2	20	5	17	17	2	4	20	18	6	9	12	18	6	12	7	3	19	3	1	17	9	
11	4	12	17	17	14	17	1	9	12	4	10	14	4	17	19	13	12	13	5	18	1	19	3	17	
11	16	6	17	11	8	4	19	5	2	18	9	20	10	18	9	18	13	4	7	16	13	11	9	16	
1	14	14	5	18	2	9	1	11	5	1	6	3	9	5	15	2	16	16	11	13	18	4	10	1	
1	2	7	8	5	16	6	10	12	2	3	3	16	14	3	10	3	13	1	14	13	5	11	10	16	
2	17	14	12	9	14	7	14	6	19	20	3	12	13	15	8	17	3	6	12	8	7	7	16	7	
3	8	19	16	19	19	14	19	17	13	17	13	13	13	6	16	3	3	13	15	9	1	6	19	1	
11	19	9	11	2	1	6	14	10	8	9	9	20	9	4	7	1	4	14	4	1	18	19	2	6	
On machine	2
5	8	11	13	9	4	5	5	13	19	9	9	14	15	13	20	19	8	3	15	6	12	3	7	2	
7	1	12	18	11	10	5	4	15	5	13	13	5	3	13	1	14	15	2	14	9	4	10	10	10	
3	6	4	4	13	11	14	16	9	2	9	5	14	16	20	9	20	17	12	13	19	19	7	20	12	
15	18	8	19	12	1	14	4	15	4	11	18	17	1	14	4	18	15	12	10	6	5	5	4	11	
15	17	18	3	17	7	8	14	5	4	18	9	5	4	2	8	14	9	8	5	19	8	11	18	13	
20	10	13	19	20	2	9	4	16	18	8	12	10	10	4	20	2	5	2	2	13	1	1	13	6	
4	14	15	7	12	20	3	13	10	15	9	8	4	9	11	10	20	4	15	14	8	20	7	1	20	
20	15	8	13	16	17	15	15	10	9	1	4	13	20	12	6	1	11	11	15	17	4	15	9	5	
16	18	17	12	9	10	11	16	17	13	18	12	15	7	3	3	2	20	4	17	1	12	11	19	6	
1	4	6	2	12	7	8	7	2	13	2	2	16	6	13	19	8	8	12	19	10	18	6	14	8	
11	20	1	17	19	8	18	20	6	15	9	16	4	5	17	2	17	19	15	19	14	2	2	2	15	
13	4	13	6	10	16	19	12	1	13	4	19	18	10	18	20	10	6	15	10	19	14	15	19	11	
12	3	1	6	6	14	7	11	15	19	13	1	13	3	5	10	1	8	8	15	19	14	8	1	17	
1	11	12	17	20	20	14	20	17	4	10	18	4	16	5	4	4	14	1	5	19	17	17	8	2	
16	4	16	13	13	13	13	7	2	2	10	2	8	15	12	20	12	2	6	9	7	9	2	13	8	
15	3	16	16	3	2	8	17	1	6	2	19	6	3	13	11	6	11	15	8	4	4	4	4	2	
16	4	2	9	9	20	9	7	7	17	18	8	9	12	9	10	16	17	10	16	6	13	13	4	1	
5	2	19	14	14	3	2	17	2	19	10	14	8	4	1	10	2	18	3	2	17	14	18	19	11	
14	2	3	5	2	8	19	20	16	17	17	9	19	1	20	13	8	12	9	10	9	1	16	3	3	
2	16	20	3	7	3	10	19	6	17	12	9	13	15	6	16	10	11	9	11	12	10	7	3	15	
9	8	8	10	12	1	6	3	12	20	16	11	7	1	17	14	17	3	6	5	9	5	4	13	17	
10	10	15	10	19	10	3	11	5	9	10	19	7	4	19	13	13	8	19	20	1	8	7	15	16	
10	2	6	17	14	20	2	5	10	2	14	6	7	15	2	14	8	11	8	18	1	2	9	20	17	
14	17	8	16	5	14	18	15	13	14	12	12	17	19	17	14	17	18	15	5	8	7	13	18	9	
4	12	1	7	8	12	2	18	11	5	6	15	3	2	10	10	12	16	5	9	7	7	6	11	7	
On machine	3
10	12	2	18	20	5	14	15	12	13	4	4	9	7	13	1	20	16	3	17	14	3	16	17	16	
9	12	7	10	18	17	17	8	11	13	2	15	6	9	8	11	15	19	18	15	8	5	8	6	11	
3	13	17	19	12	8	17	4	10	2	2	15	8	19	20	8	9	7	17	14	13	7	19	20	1	
12	19	14	4	16	18	4	4	14	3	4	11	2	18	14	2	9	7	19	17	18	6	6	9	7	
18	15	3	14	3	17	10	10	8	19	14	16	20	13	10	5	17	20	3	11	7	19	1	16	6	
11	19	1	10	14	2	19	18	7	15	18	19	9	14	8	14	20	9	20	5	4	8	6	2	17	
13	2	16	3	8	10	6	7	17	13	17	18	8	18	5	8	9	18	19	15	12	17	14	13	15	
5	16	8	8	8	6	5	12	19	14	14	5	16	15	12	6	2	10	19	19	5	12	20	12	20	
4	9	6	5	15	15	6	3	5	4	12	3	10	2	6	11	16	9	4	1	18	20	19	3	6	
9	11	15	3	6	14	4	18	18	14	1	9	8	4	14	13	6	13	13	13	10	17	14	2	18	
11	10	6	1	4	8	15	20	8	10	16	5	1	3	19	6	9	17	17	14	6	8	10	17	15	
11	3	8	18	15	13	18	4	14	19	17	13	3	7	1	5	6	13	7	14	16	9	1	6	12	
10	16	19	8	3	13	10	8	8	12	5	7	20	6	20	6	6	14	14	13	2	2	19	16	17	
7	12	5	15	7	3	19	12	17	17	16	5	10	1	10	5	6	2	6	19	12	11	18	2	11	
2	13	14	17	18	20	5	13	5	11	14	20	6	13	20	15	6	16	6	12	14	13	13	18	12	
19	11	14	13	1	19	19	2	4	5	12	14	5	16	17	4	12	5	4	13	15	13	5	11	14	
1	19	3	2	17	4	4	6	7	6	18	4	2	16	14	13	11	9	10	4	18	19	8	4	12	
7	18	16	15	3	4	19	3	3	1	1	12	8	11	12	3	18	1	6	6	17	2	10	6	19	
8	8	11	11	6	11	11	9	17	9	3	20	17	13	2	12	4	9	6	6	11	1	4	13	19	
12	11	6	2	7	12	10	18	18	20	2	2	12	11	10	4	2	19	18	17	20	16	15	15	14	
19	14	16	8	13	7	4	13	9	19	5	13	8	13	17	14	8	2	7	3	15	15	2	14	2	
8	6	8	1	10	4	14	20	17	16	6	10	7	4	2	5	20	16	8	3	18	5	11	16	4	
11	13	15	14	10	14	1	15	18	4	11	7	1	10	12	9	5	6	4	15	15	6	18	5	16	
19	20	4	5	17	10	13	16	10	12	5	17	5	6	13	2	16	20	4	7	1	7	20	4	1	
1	2	13	6	9	6	10	15	15	11	15	10	8	15	7	9	9	2	11	20	12	7	18	13	16	
On machine	4
3	6	5	6	16	17	10	16	20	13	18	8	4	9	19	8	19	5	3	6	8	12	15	18	19	
12	6	15	13	13	19	13	6	5	18	8	11	4	2	18	14	12	1	14	5	12	12	16	4	20	
3	2	10	19	3	20	2	11	4	20	8	9	9	13	7	10	9	17	7	13	9	1	10	18	20	
16	10	6	14	18	3	16	12	18	3	7	2	14	13	13	13	6	18	12	8	4	5	3	10	18	
6	19	14	20	1	7	2	16	20	4	20	7	18	17	10	13	5	2	19	20	19	15	6	9	13	
15	7	20	11	5	20	2	15	4	6	19	15	10	8	17	9	2	10	17	10	18	2	20	6	6	
11	7	20	11	15	18	19	6	11	7	11	20	20	9	9	6	8	3	5	13	13	7	3	16	10	
6	8	17	19	14	5	4	2	13	4	5	11	16	14	17	19	12	20	12	1	16	10	14	9	3	
9	14	10	19	17	2	9	14	2	8	7	7	6	20	7	1	11	7	3	3	16	7	12	20	6	
13	8	5	13	7	20	19	5	10	3	3	18	11	6	15	18	16	19	4	1	1	18	20	17	19	
18	12	11	18	10	14	17	18	1	3	6	7	14	4	3	5	15	18	8	4	10	3	18	20	17	
3	2	9	1	16	6	10	13	18	6	12	20	2	13	20	7	19	17	12	3	5	5	2	2	9	
18	17	20	10	20	6	5	3	13	10	2	20	10	9	20	17	9	18	19	12	7	15	18	11	6	
3	18	2	18	19	2	10	8	18	10	14	19	20	15	9	14	1	5	8	5	9	18	2	16	11	
6	1	9	7	19	6	14	12	20	20	1	6	20	16	6	19	20	1	6	12	1	7	9	18	7	
1	11	9	15	3	3	13	14	20	8	11	2	16	3	19	16	10	4	12	15	4	4	3	3	18	
11	20	18	20	19	5	11	18	13	19	4	11	10	6	10	13	8	5	6	6	18	16	6	12	6	
1	1	1	14	3	3	18	9	8	20	8	6	1	10	16	13	17	9	19	17	4	15	17	18	11	
4	3	15	14	16	6	15	8	14	3	20	4	3	20	20	18	8	4	15	11	16	9	17	9	1	
13	16	17	13	11	8	6	3	16	3	6	4	9	11	11	19	14	6	7	8	20	20	8	5	7	
11	3	8	19	15	4	1	16	3	1	7	7	8	10	12	19	8	4	2	4	10	16	16	15	12	
15	5	18	17	8	19	9	12	17	7	2	9	13	8	16	2	10	5	18	13	15	19	6	16	20	
7	12	16	20	20	13	15	15	7	7	11	4	12	15	8	17	12	8	5	6	15	2	10	18	20	
15	14	20	7	8	6	10	3	16	13	19	12	16	5	10	14	6	10	9	10	8	18	15	20	11	
1	1	14	9	5	11	20	14	9	2	17	14	1	13	1	20	10	13	11	9	3	13	13	8	15	
On machine	5
2	1	16	5	6	10	18	4	7	8	9	9	19	12	16	17	9	8	19	7	14	14	20	5	6	
14	3	6	12	12	7	12	5	10	4	11	19	15	6	6	8	9	7	20	3	13	8	14	9	9	
7	3	9	9	9	7	9	4	10	5	19	16	1	2	4	17	15	15	6	15	2	15	12	7	18	
4	2	11	6	20	2	7	3	5	2	19	10	13	7	6	15	7	2	5	2	6	16	13	1	1	
15	9	14	7	11	11	10	16	18	1	18	11	4	19	6	17	5	3	7	5	4	8	5	2	16	
10	16	18	17	14	6	9	14	2	6	6	16	20	8	19	5	15	1	7	6	20	12	15	6	18	
13	5	4	1	4	9	18	16	1	20	11	10	15	7	14	9	3	16	8	12	15	15	8	18	18	
16	13	15	17	7	8	20	19	3	19	5	13	7	4	7	5	3	10	14	15	19	8	7	12	5	
11	11	19	3	15	2	18	2	1	20	6	5	16	16	17	9	8	2	11	2	10	14	6	6	17	
9	15	5	4	19	18	5	5	14	1	19	2	10	3	17	14	14	18	9	18	18	16	18	20	13	
14	5	16	17	14	7	1	13	17	13	2	6	11	16	14	8	3	3	17	11	19	17	16	14	6	
11	10	15	6	6	7	1	6	4	5	17	20	1	10	2	8	16	6	4	10	19	1	15	3	3	
19	5	6	7	6	15	20	8	15	19	2	5	9	16	12	15	18	14	13	4	12	1	5	16	7	
12	12	8	8	16	9	7	13	11	3	17	13	14	2	14	15	10	17	18	6	18	3	11	12	15	
16	4	15	2	10	6	7	6	3	1	1	18	12	3	19	5	18	5	1	2	20	6	4	10	1	
3	1	8	4	6	16	17	13	5	18	4	6	15	16	11	14	20	9	14	8	19	5	16	3	13	
2	16	16	17	19	10	17	8	12	2	13	17	9	7	4	7	10	8	9	9	19	3	5	19	11	
3	13	16	11	20	3	3	16	8	16	1	20	8	18	3	5	19	12	16	10	10	10	14	11	5	
12	6	7	17	8	4	9	19	8	4	4	20	16	1	14	5	20	8	2	4	10	5	9	11	17	
8	6	2	6	18	9	12	14	17	14	14	4	9	9	10	16	8	5	1	5	1	10	3	6	9	
15	16	15	10	19	8	2	19	18	6	17	11	8	4	19	5	6	18	13	9	4	13	1	5	14	
14	7	2	6	15	20	7	9	17	5	2	5	12	5	11	18	2	5	18	3	14	7	4	12	8	
1	4	14	20	16	17	11	16	4	12	15	17	1	20	9	6	7	6	1	15	6	10	6	3	20	
9	8	2	11	17	20	4	2	6	19	18	8	6	8	14	3	3	20	13	14	19	19	8	17	20	
13	2	11	10	10	13	2	6	13	15	10	4	2	7	19	7	11	8	13	11	12	9	17	3	7	
